CMDLINE celery -A app:celery worker --loglevel=DEBUG --concurrency=4 -n worker1@%h
MEM 8.523438 1673151440.7443
MEM 25.921875 1673151440.8573
MEM 35.929688 1673151440.9714
MEM 126.613281 1673151441.0865
CHLD 224402 30.140625 1673151441.0927
CHLD 224403 30.148438 1673151441.0927
CHLD 224404 30.156250 1673151441.0927
MEM 158.269531 1673151441.2016
CHLD 224402 30.140625 1673151441.2072
CHLD 224403 30.148438 1673151441.2072
CHLD 224404 30.156250 1673151441.2072
CHLD 224405 30.156250 1673151441.2073
MEM 158.269531 1673151441.3155
CHLD 224402 30.140625 1673151441.3211
CHLD 224403 30.148438 1673151441.3212
CHLD 224404 30.156250 1673151441.3212
CHLD 224405 30.156250 1673151441.3212
MEM 158.269531 1673151441.4300
CHLD 224402 30.140625 1673151441.4358
CHLD 224403 30.148438 1673151441.4359
CHLD 224404 30.156250 1673151441.4359
CHLD 224405 30.156250 1673151441.4359
MEM 158.269531 1673151441.5447
CHLD 224402 30.140625 1673151441.5503
CHLD 224403 30.148438 1673151441.5503
CHLD 224404 30.156250 1673151441.5504
CHLD 224405 30.156250 1673151441.5504
MEM 158.269531 1673151441.6577
CHLD 224402 30.140625 1673151441.6633
CHLD 224403 30.148438 1673151441.6633
CHLD 224404 30.156250 1673151441.6634
CHLD 224405 30.156250 1673151441.6634
MEM 158.269531 1673151441.7721
CHLD 224402 30.140625 1673151441.7776
CHLD 224403 30.148438 1673151441.7777
CHLD 224404 30.156250 1673151441.7777
CHLD 224405 30.156250 1673151441.7777
MEM 158.269531 1673151441.8920
CHLD 224402 30.140625 1673151441.9045
CHLD 224403 30.148438 1673151441.9046
CHLD 224404 30.156250 1673151441.9046
CHLD 224405 30.156250 1673151441.9047
MEM 158.269531 1673151442.0185
CHLD 224402 30.140625 1673151442.0312
CHLD 224403 30.148438 1673151442.0312
CHLD 224404 30.156250 1673151442.0313
CHLD 224405 30.156250 1673151442.0313
MEM 158.269531 1673151442.1474
CHLD 224402 30.140625 1673151442.1630
CHLD 224403 30.148438 1673151442.1630
CHLD 224404 30.156250 1673151442.1630
CHLD 224405 30.156250 1673151442.1630
MEM 158.472656 1673151442.2719
CHLD 224402 30.140625 1673151442.2779
CHLD 224403 30.148438 1673151442.2779
CHLD 224404 30.156250 1673151442.2779
CHLD 224405 30.156250 1673151442.2780
MEM 158.472656 1673151442.3924
CHLD 224402 30.140625 1673151442.4047
CHLD 224403 30.148438 1673151442.4048
CHLD 224404 30.156250 1673151442.4048
CHLD 224405 30.156250 1673151442.4049
MEM 158.472656 1673151442.5195
CHLD 224402 30.140625 1673151442.5320
CHLD 224403 30.148438 1673151442.5320
CHLD 224404 30.156250 1673151442.5321
CHLD 224405 30.156250 1673151442.5321
MEM 158.472656 1673151442.6461
CHLD 224402 30.140625 1673151442.6586
CHLD 224403 30.148438 1673151442.6586
CHLD 224404 30.156250 1673151442.6586
CHLD 224405 30.156250 1673151442.6587
MEM 158.472656 1673151442.7729
CHLD 224402 30.140625 1673151442.7857
CHLD 224403 30.148438 1673151442.7857
CHLD 224404 30.156250 1673151442.7857
CHLD 224405 30.156250 1673151442.7858
MEM 158.472656 1673151442.9001
CHLD 224402 30.140625 1673151442.9130
CHLD 224403 30.148438 1673151442.9131
CHLD 224404 30.156250 1673151442.9131
CHLD 224405 30.156250 1673151442.9131
MEM 158.472656 1673151443.0269
CHLD 224402 30.140625 1673151443.0401
CHLD 224403 30.148438 1673151443.0401
CHLD 224404 30.156250 1673151443.0402
CHLD 224405 30.156250 1673151443.0402
MEM 158.472656 1673151443.1479
CHLD 224402 30.140625 1673151443.1543
CHLD 224403 30.148438 1673151443.1543
CHLD 224404 30.156250 1673151443.1543
CHLD 224405 30.156250 1673151443.1543
MEM 158.472656 1673151443.2624
CHLD 224402 30.140625 1673151443.2685
CHLD 224403 30.148438 1673151443.2686
CHLD 224404 30.156250 1673151443.2686
CHLD 224405 30.156250 1673151443.2686
MEM 158.472656 1673151443.3777
CHLD 224402 30.140625 1673151443.3841
CHLD 224403 30.148438 1673151443.3841
CHLD 224404 30.156250 1673151443.3841
CHLD 224405 30.156250 1673151443.3841
MEM 158.472656 1673151443.4934
CHLD 224402 30.140625 1673151443.4996
CHLD 224403 30.148438 1673151443.4997
CHLD 224404 30.156250 1673151443.4997
CHLD 224405 30.156250 1673151443.4998
MEM 158.472656 1673151443.6141
CHLD 224402 30.140625 1673151443.6264
CHLD 224403 30.148438 1673151443.6265
CHLD 224404 30.156250 1673151443.6265
CHLD 224405 30.156250 1673151443.6266
MEM 158.472656 1673151443.7408
CHLD 224402 30.140625 1673151443.7538
CHLD 224403 30.148438 1673151443.7539
CHLD 224404 30.156250 1673151443.7539
CHLD 224405 30.156250 1673151443.7539
MEM 158.472656 1673151443.8678
CHLD 224402 30.140625 1673151443.8802
CHLD 224403 30.148438 1673151443.8803
CHLD 224404 30.156250 1673151443.8803
CHLD 224405 30.156250 1673151443.8804
MEM 158.472656 1673151443.9950
CHLD 224402 30.140625 1673151444.0077
CHLD 224403 30.148438 1673151444.0077
CHLD 224404 30.156250 1673151444.0078
CHLD 224405 30.156250 1673151444.0078
MEM 158.472656 1673151444.1216
CHLD 224402 30.140625 1673151444.1344
CHLD 224403 30.148438 1673151444.1345
CHLD 224404 30.156250 1673151444.1345
CHLD 224405 30.156250 1673151444.1346
MEM 158.472656 1673151444.2486
CHLD 224402 30.140625 1673151444.2614
CHLD 224403 30.148438 1673151444.2615
CHLD 224404 30.156250 1673151444.2615
CHLD 224405 30.156250 1673151444.2615
MEM 158.472656 1673151444.3757
CHLD 224402 30.140625 1673151444.3880
CHLD 224403 30.148438 1673151444.3881
CHLD 224404 30.156250 1673151444.3881
CHLD 224405 30.156250 1673151444.3881
MEM 158.472656 1673151444.5027
CHLD 224402 30.140625 1673151444.5158
CHLD 224403 30.148438 1673151444.5159
CHLD 224404 30.156250 1673151444.5159
CHLD 224405 30.156250 1673151444.5160
MEM 160.367188 1673151444.6236
CHLD 224402 30.140625 1673151444.6294
CHLD 224403 31.992188 1673151444.6294
CHLD 224404 30.156250 1673151444.6294
CHLD 224405 30.156250 1673151444.6294
MEM 160.367188 1673151444.7435
CHLD 224402 30.140625 1673151444.7571
CHLD 224403 31.992188 1673151444.7572
CHLD 224404 30.156250 1673151444.7572
CHLD 224405 30.156250 1673151444.7573
MEM 160.367188 1673151444.8714
CHLD 224402 30.140625 1673151444.8838
CHLD 224403 31.992188 1673151444.8839
CHLD 224404 30.156250 1673151444.8839
CHLD 224405 30.156250 1673151444.8840
MEM 160.367188 1673151444.9984
CHLD 224402 30.140625 1673151445.0110
CHLD 224403 31.992188 1673151445.0110
CHLD 224404 30.156250 1673151445.0111
CHLD 224405 30.156250 1673151445.0111
MEM 160.367188 1673151445.1254
CHLD 224402 30.140625 1673151445.1379
CHLD 224403 31.992188 1673151445.1379
CHLD 224404 30.156250 1673151445.1380
CHLD 224405 30.156250 1673151445.1380
MEM 160.367188 1673151445.2525
CHLD 224402 30.140625 1673151445.2650
CHLD 224403 31.992188 1673151445.2651
CHLD 224404 30.156250 1673151445.2651
CHLD 224405 30.156250 1673151445.2652
MEM 160.367188 1673151445.3794
CHLD 224402 30.140625 1673151445.3917
CHLD 224403 31.992188 1673151445.3918
CHLD 224404 30.156250 1673151445.3918
CHLD 224405 30.156250 1673151445.3918
MEM 160.367188 1673151445.5060
CHLD 224402 30.140625 1673151445.5184
CHLD 224403 31.992188 1673151445.5185
CHLD 224404 30.156250 1673151445.5185
CHLD 224405 30.156250 1673151445.5186
MEM 160.367188 1673151445.6329
CHLD 224402 30.140625 1673151445.6460
CHLD 224403 31.992188 1673151445.6461
CHLD 224404 30.156250 1673151445.6461
CHLD 224405 30.156250 1673151445.6462
MEM 160.367188 1673151445.7605
CHLD 224402 30.140625 1673151445.7730
CHLD 224403 31.992188 1673151445.7730
CHLD 224404 30.156250 1673151445.7731
CHLD 224405 30.156250 1673151445.7731
MEM 160.367188 1673151445.8809
CHLD 224402 30.140625 1673151445.8866
CHLD 224403 31.992188 1673151445.8866
CHLD 224404 30.156250 1673151445.8867
CHLD 224405 30.156250 1673151445.8867
MEM 160.367188 1673151446.0006
CHLD 224402 30.140625 1673151446.0139
CHLD 224403 31.992188 1673151446.0139
CHLD 224404 30.156250 1673151446.0140
CHLD 224405 30.156250 1673151446.0140
MEM 160.367188 1673151446.1273
CHLD 224402 30.140625 1673151446.1400
CHLD 224403 31.992188 1673151446.1400
CHLD 224404 30.156250 1673151446.1401
CHLD 224405 30.156250 1673151446.1401
MEM 160.367188 1673151446.2538
CHLD 224402 30.140625 1673151446.2664
CHLD 224403 31.992188 1673151446.2665
CHLD 224404 30.156250 1673151446.2665
CHLD 224405 30.156250 1673151446.2666
MEM 160.367188 1673151446.3815
CHLD 224402 30.140625 1673151446.3947
CHLD 224403 31.992188 1673151446.3947
CHLD 224404 30.156250 1673151446.3948
CHLD 224405 30.156250 1673151446.3948
MEM 160.367188 1673151446.5088
CHLD 224402 30.140625 1673151446.5221
CHLD 224403 31.992188 1673151446.5222
CHLD 224404 30.156250 1673151446.5222
CHLD 224405 30.156250 1673151446.5223
MEM 160.367188 1673151446.6364
CHLD 224402 30.140625 1673151446.6487
CHLD 224403 31.992188 1673151446.6487
CHLD 224404 30.156250 1673151446.6487
CHLD 224405 30.156250 1673151446.6488
MEM 160.367188 1673151446.7630
CHLD 224402 30.140625 1673151446.7760
CHLD 224403 31.992188 1673151446.7761
CHLD 224404 30.156250 1673151446.7761
CHLD 224405 30.156250 1673151446.7762
MEM 160.367188 1673151446.8901
CHLD 224402 30.140625 1673151446.9030
CHLD 224403 31.992188 1673151446.9031
CHLD 224404 30.156250 1673151446.9031
CHLD 224405 30.156250 1673151446.9032
MEM 160.367188 1673151447.0177
CHLD 224402 30.140625 1673151447.0302
CHLD 224403 31.992188 1673151447.0302
CHLD 224404 30.156250 1673151447.0303
CHLD 224405 30.156250 1673151447.0303
MEM 160.367188 1673151447.1449
CHLD 224402 30.140625 1673151447.1579
CHLD 224403 31.992188 1673151447.1579
CHLD 224404 30.156250 1673151447.1580
CHLD 224405 30.156250 1673151447.1580
MEM 160.367188 1673151447.2724
CHLD 224402 30.140625 1673151447.2846
CHLD 224403 31.992188 1673151447.2847
CHLD 224404 30.156250 1673151447.2847
CHLD 224405 30.156250 1673151447.2848
MEM 160.367188 1673151447.3986
CHLD 224402 30.140625 1673151447.4110
CHLD 224403 31.992188 1673151447.4111
CHLD 224404 30.156250 1673151447.4111
CHLD 224405 30.156250 1673151447.4111
MEM 160.367188 1673151447.5254
CHLD 224402 30.140625 1673151447.5380
CHLD 224403 31.992188 1673151447.5381
CHLD 224404 30.156250 1673151447.5381
CHLD 224405 30.156250 1673151447.5382
MEM 160.367188 1673151447.6521
CHLD 224402 30.140625 1673151447.6648
CHLD 224403 31.992188 1673151447.6649
CHLD 224404 30.156250 1673151447.6649
CHLD 224405 30.156250 1673151447.6650
MEM 160.367188 1673151447.7791
CHLD 224402 30.140625 1673151447.7917
CHLD 224403 31.992188 1673151447.7917
CHLD 224404 30.156250 1673151447.7918
CHLD 224405 30.156250 1673151447.7918
MEM 160.367188 1673151447.9061
CHLD 224402 30.140625 1673151447.9182
CHLD 224403 31.992188 1673151447.9183
CHLD 224404 30.156250 1673151447.9183
CHLD 224405 30.156250 1673151447.9184
MEM 160.367188 1673151448.0326
CHLD 224402 30.140625 1673151448.0454
CHLD 224403 31.992188 1673151448.0455
CHLD 224404 30.156250 1673151448.0456
CHLD 224405 30.156250 1673151448.0456
MEM 160.367188 1673151448.1596
CHLD 224402 30.140625 1673151448.1719
CHLD 224403 31.992188 1673151448.1720
CHLD 224404 30.156250 1673151448.1720
CHLD 224405 30.156250 1673151448.1721
MEM 160.367188 1673151448.2866
CHLD 224402 30.140625 1673151448.2989
CHLD 224403 31.992188 1673151448.2989
CHLD 224404 30.156250 1673151448.2989
CHLD 224405 30.156250 1673151448.2990
MEM 160.367188 1673151448.4133
CHLD 224402 30.140625 1673151448.4257
CHLD 224403 31.992188 1673151448.4257
CHLD 224404 30.156250 1673151448.4258
CHLD 224405 30.156250 1673151448.4258
MEM 160.367188 1673151448.5401
CHLD 224402 30.140625 1673151448.5524
CHLD 224403 31.992188 1673151448.5524
CHLD 224404 30.156250 1673151448.5525
CHLD 224405 30.156250 1673151448.5525
