CMDLINE celery -A app:celery worker --loglevel=DEBUG --concurrency=4 -n worker1@%h
MEM 4.914062 1673151200.6058
MEM 22.359375 1673151200.7132
MEM 30.820312 1673151200.8205
MEM 35.960938 1673151200.9282
MEM 36.191406 1673151201.0357
CHLD 223434 30.015625 1673151201.0425
CHLD 223435 30.117188 1673151201.0426
CHLD 223436 30.117188 1673151201.0426
CHLD 223437 30.117188 1673151201.0426
MEM 37.679688 1673151201.1433
CHLD 223434 30.015625 1673151201.1514
CHLD 223435 30.117188 1673151201.1515
CHLD 223436 30.117188 1673151201.1515
CHLD 223437 30.117188 1673151201.1515
MEM 37.679688 1673151201.2525
CHLD 223434 30.015625 1673151201.2591
CHLD 223435 30.117188 1673151201.2592
CHLD 223436 30.117188 1673151201.2592
CHLD 223437 30.117188 1673151201.2592
MEM 37.679688 1673151201.3598
CHLD 223434 30.015625 1673151201.3735
CHLD 223435 30.117188 1673151201.3735
CHLD 223436 30.117188 1673151201.3736
CHLD 223437 30.117188 1673151201.3736
MEM 37.679688 1673151201.4742
CHLD 223434 30.015625 1673151201.4887
CHLD 223435 30.117188 1673151201.4888
CHLD 223436 30.117188 1673151201.4889
CHLD 223437 30.117188 1673151201.4889
MEM 37.679688 1673151201.5899
CHLD 223434 30.015625 1673151201.6055
CHLD 223435 30.117188 1673151201.6056
CHLD 223436 30.117188 1673151201.6057
CHLD 223437 30.117188 1673151201.6057
MEM 37.679688 1673151201.7065
CHLD 223434 30.015625 1673151201.7223
CHLD 223435 30.117188 1673151201.7224
CHLD 223436 30.117188 1673151201.7224
CHLD 223437 30.117188 1673151201.7225
MEM 37.679688 1673151201.8231
CHLD 223434 30.015625 1673151201.8387
CHLD 223435 30.117188 1673151201.8388
CHLD 223436 30.117188 1673151201.8388
CHLD 223437 30.117188 1673151201.8389
MEM 37.679688 1673151201.9396
CHLD 223434 30.015625 1673151201.9546
CHLD 223435 30.117188 1673151201.9547
CHLD 223436 30.117188 1673151201.9548
CHLD 223437 30.117188 1673151201.9548
MEM 37.679688 1673151202.0558
CHLD 223434 30.015625 1673151202.0715
CHLD 223435 30.117188 1673151202.0716
CHLD 223436 30.117188 1673151202.0716
CHLD 223437 30.117188 1673151202.0717
MEM 37.851562 1673151202.1727
CHLD 223434 30.015625 1673151202.1882
CHLD 223435 30.117188 1673151202.1883
CHLD 223436 30.117188 1673151202.1884
CHLD 223437 30.117188 1673151202.1884
MEM 37.851562 1673151202.2893
CHLD 223434 30.015625 1673151202.3051
CHLD 223435 30.117188 1673151202.3051
CHLD 223436 30.117188 1673151202.3052
CHLD 223437 30.117188 1673151202.3052
MEM 37.851562 1673151202.4059
CHLD 223434 30.015625 1673151202.4215
CHLD 223435 30.117188 1673151202.4216
CHLD 223436 30.117188 1673151202.4217
CHLD 223437 30.117188 1673151202.4217
MEM 37.851562 1673151202.5225
CHLD 223434 30.015625 1673151202.5381
CHLD 223435 30.117188 1673151202.5382
CHLD 223436 30.117188 1673151202.5382
CHLD 223437 30.117188 1673151202.5383
MEM 37.851562 1673151202.6390
CHLD 223434 30.015625 1673151202.6549
CHLD 223435 30.117188 1673151202.6550
CHLD 223436 30.117188 1673151202.6550
CHLD 223437 30.117188 1673151202.6551
MEM 37.851562 1673151202.7560
CHLD 223434 30.015625 1673151202.7716
CHLD 223435 30.117188 1673151202.7717
CHLD 223436 30.117188 1673151202.7717
CHLD 223437 30.117188 1673151202.7718
MEM 37.851562 1673151202.8727
CHLD 223434 30.015625 1673151202.8868
CHLD 223435 30.117188 1673151202.8868
CHLD 223436 30.117188 1673151202.8868
CHLD 223437 30.117188 1673151202.8869
MEM 37.851562 1673151202.9878
CHLD 223434 30.015625 1673151203.0033
CHLD 223435 30.117188 1673151203.0033
CHLD 223436 30.117188 1673151203.0034
CHLD 223437 30.117188 1673151203.0034
MEM 37.851562 1673151203.1041
CHLD 223434 30.015625 1673151203.1197
CHLD 223435 30.117188 1673151203.1198
CHLD 223436 30.117188 1673151203.1199
CHLD 223437 30.117188 1673151203.1199
MEM 37.851562 1673151203.2208
CHLD 223434 30.015625 1673151203.2370
CHLD 223435 30.117188 1673151203.2371
CHLD 223436 30.117188 1673151203.2371
CHLD 223437 30.117188 1673151203.2372
MEM 37.851562 1673151203.3379
CHLD 223434 30.015625 1673151203.3444
CHLD 223435 30.117188 1673151203.3445
CHLD 223436 30.117188 1673151203.3445
CHLD 223437 30.117188 1673151203.3445
MEM 37.851562 1673151203.4450
CHLD 223434 30.015625 1673151203.4539
CHLD 223435 30.117188 1673151203.4539
CHLD 223436 30.117188 1673151203.4540
CHLD 223437 30.117188 1673151203.4540
MEM 37.851562 1673151203.5546
CHLD 223434 30.015625 1673151203.5616
CHLD 223435 30.117188 1673151203.5616
CHLD 223436 30.117188 1673151203.5616
CHLD 223437 30.117188 1673151203.5616
MEM 37.851562 1673151203.6625
CHLD 223434 30.015625 1673151203.6693
CHLD 223435 30.117188 1673151203.6694
CHLD 223436 30.117188 1673151203.6694
CHLD 223437 30.117188 1673151203.6694
MEM 37.851562 1673151203.7700
CHLD 223434 30.015625 1673151203.7766
CHLD 223435 30.117188 1673151203.7766
CHLD 223436 30.117188 1673151203.7767
CHLD 223437 30.117188 1673151203.7767
MEM 37.851562 1673151203.8773
CHLD 223434 30.015625 1673151203.8850
CHLD 223435 30.117188 1673151203.8850
CHLD 223436 30.117188 1673151203.8851
CHLD 223437 30.117188 1673151203.8851
MEM 37.851562 1673151203.9860
CHLD 223434 30.015625 1673151203.9930
CHLD 223435 30.117188 1673151203.9930
CHLD 223436 30.117188 1673151203.9930
CHLD 223437 30.117188 1673151203.9930
MEM 37.851562 1673151204.0937
CHLD 223434 30.015625 1673151204.1010
CHLD 223435 30.117188 1673151204.1010
CHLD 223436 30.117188 1673151204.1011
CHLD 223437 30.117188 1673151204.1011
MEM 37.851562 1673151204.2019
CHLD 223434 30.015625 1673151204.2092
CHLD 223435 30.117188 1673151204.2092
CHLD 223436 30.117188 1673151204.2092
CHLD 223437 30.117188 1673151204.2093
MEM 37.851562 1673151204.3099
CHLD 223434 30.015625 1673151204.3169
CHLD 223435 30.117188 1673151204.3169
CHLD 223436 30.117188 1673151204.3170
CHLD 223437 30.117188 1673151204.3170
MEM 37.851562 1673151204.4179
CHLD 223434 30.015625 1673151204.4251
CHLD 223435 30.117188 1673151204.4251
CHLD 223436 30.117188 1673151204.4251
CHLD 223437 30.117188 1673151204.4252
MEM 37.851562 1673151204.5261
CHLD 223434 30.015625 1673151204.5333
CHLD 223435 30.117188 1673151204.5333
CHLD 223436 30.117188 1673151204.5333
CHLD 223437 30.117188 1673151204.5333
MEM 37.851562 1673151204.6343
CHLD 223434 30.015625 1673151204.6498
CHLD 223435 30.117188 1673151204.6499
CHLD 223436 30.117188 1673151204.6499
CHLD 223437 30.117188 1673151204.6500
MEM 37.851562 1673151204.7509
CHLD 223434 30.015625 1673151204.7578
CHLD 223435 30.117188 1673151204.7578
CHLD 223436 30.117188 1673151204.7578
CHLD 223437 30.117188 1673151204.7578
MEM 37.851562 1673151204.8585
CHLD 223434 30.015625 1673151204.8659
CHLD 223435 30.117188 1673151204.8660
CHLD 223436 30.117188 1673151204.8660
CHLD 223437 30.117188 1673151204.8660
MEM 37.851562 1673151204.9665
CHLD 223434 30.015625 1673151204.9728
CHLD 223435 30.117188 1673151204.9728
CHLD 223436 30.117188 1673151204.9729
CHLD 223437 30.117188 1673151204.9729
MEM 37.851562 1673151205.0738
CHLD 223434 30.015625 1673151205.0894
CHLD 223435 30.117188 1673151205.0895
CHLD 223436 30.117188 1673151205.0895
CHLD 223437 30.117188 1673151205.0896
MEM 37.851562 1673151205.1905
CHLD 223434 30.015625 1673151205.2058
CHLD 223435 30.117188 1673151205.2058
CHLD 223436 30.117188 1673151205.2059
CHLD 223437 30.117188 1673151205.2059
MEM 37.851562 1673151205.3068
CHLD 223434 30.015625 1673151205.3150
CHLD 223435 30.117188 1673151205.3151
CHLD 223436 30.117188 1673151205.3151
CHLD 223437 30.117188 1673151205.3151
MEM 37.851562 1673151205.4158
CHLD 223434 30.015625 1673151205.4236
CHLD 223435 30.117188 1673151205.4236
CHLD 223436 30.117188 1673151205.4236
CHLD 223437 30.117188 1673151205.4236
MEM 37.851562 1673151205.5246
CHLD 223434 30.015625 1673151205.5318
CHLD 223435 30.117188 1673151205.5318
CHLD 223436 30.117188 1673151205.5318
CHLD 223437 30.117188 1673151205.5318
MEM 37.851562 1673151205.6328
CHLD 223434 30.015625 1673151205.6483
CHLD 223435 30.117188 1673151205.6484
CHLD 223436 30.117188 1673151205.6484
CHLD 223437 30.117188 1673151205.6485
MEM 37.851562 1673151205.7494
CHLD 223434 30.015625 1673151205.7649
CHLD 223435 30.117188 1673151205.7649
CHLD 223436 30.117188 1673151205.7650
CHLD 223437 30.117188 1673151205.7651
MEM 37.851562 1673151205.8657
CHLD 223434 30.015625 1673151205.8724
CHLD 223435 30.117188 1673151205.8725
CHLD 223436 30.117188 1673151205.8725
CHLD 223437 30.117188 1673151205.8725
MEM 37.851562 1673151205.9734
CHLD 223434 30.015625 1673151205.9808
CHLD 223435 30.117188 1673151205.9808
CHLD 223436 30.117188 1673151205.9808
CHLD 223437 30.117188 1673151205.9809
MEM 37.851562 1673151206.0818
CHLD 223434 30.015625 1673151206.0890
CHLD 223435 30.117188 1673151206.0890
CHLD 223436 30.117188 1673151206.0891
CHLD 223437 30.117188 1673151206.0891
MEM 37.851562 1673151206.1900
CHLD 223434 30.015625 1673151206.1972
CHLD 223435 30.117188 1673151206.1972
CHLD 223436 30.117188 1673151206.1973
CHLD 223437 30.117188 1673151206.1973
MEM 37.851562 1673151206.2979
CHLD 223434 30.015625 1673151206.3049
CHLD 223435 30.117188 1673151206.3049
CHLD 223436 30.117188 1673151206.3049
CHLD 223437 30.117188 1673151206.3049
MEM 37.851562 1673151206.4058
CHLD 223434 30.015625 1673151206.4161
CHLD 223435 30.117188 1673151206.4161
CHLD 223436 30.117188 1673151206.4161
CHLD 223437 30.117188 1673151206.4161
MEM 37.851562 1673151206.5173
CHLD 223434 30.015625 1673151206.5239
CHLD 223435 30.117188 1673151206.5239
CHLD 223436 30.117188 1673151206.5239
CHLD 223437 30.117188 1673151206.5239
MEM 37.851562 1673151206.6246
CHLD 223434 30.015625 1673151206.6320
CHLD 223435 30.117188 1673151206.6320
CHLD 223436 30.117188 1673151206.6320
CHLD 223437 30.117188 1673151206.6320
MEM 37.851562 1673151206.7329
CHLD 223434 30.015625 1673151206.7402
CHLD 223435 30.117188 1673151206.7403
CHLD 223436 30.117188 1673151206.7403
CHLD 223437 30.117188 1673151206.7403
MEM 37.851562 1673151206.8409
CHLD 223434 30.015625 1673151206.8482
CHLD 223435 30.117188 1673151206.8482
CHLD 223436 30.117188 1673151206.8482
CHLD 223437 30.117188 1673151206.8482
MEM 37.851562 1673151206.9491
CHLD 223434 30.015625 1673151206.9560
CHLD 223435 30.117188 1673151206.9560
CHLD 223436 30.117188 1673151206.9560
CHLD 223437 30.117188 1673151206.9561
MEM 37.851562 1673151207.0569
CHLD 223434 30.015625 1673151207.0656
CHLD 223435 30.117188 1673151207.0657
CHLD 223436 30.117188 1673151207.0657
CHLD 223437 30.117188 1673151207.0658
MEM 37.851562 1673151207.1663
CHLD 223434 30.015625 1673151207.1813
CHLD 223435 30.117188 1673151207.1814
CHLD 223436 30.117188 1673151207.1814
CHLD 223437 30.117188 1673151207.1815
MEM 37.851562 1673151207.2821
CHLD 223434 30.015625 1673151207.2971
CHLD 223435 30.117188 1673151207.2971
CHLD 223436 30.117188 1673151207.2972
CHLD 223437 30.117188 1673151207.2973
MEM 37.851562 1673151207.3981
CHLD 223434 30.015625 1673151207.4131
CHLD 223435 30.117188 1673151207.4132
CHLD 223436 30.117188 1673151207.4133
CHLD 223437 30.117188 1673151207.4133
MEM 37.851562 1673151207.5138
CHLD 223434 30.015625 1673151207.5301
CHLD 223435 30.117188 1673151207.5302
CHLD 223436 30.117188 1673151207.5303
CHLD 223437 30.117188 1673151207.5304
MEM 37.851562 1673151207.6310
CHLD 223434 30.015625 1673151207.6444
CHLD 223435 30.117188 1673151207.6445
CHLD 223436 30.117188 1673151207.6445
CHLD 223437 30.117188 1673151207.6446
MEM 37.851562 1673151207.7452
CHLD 223434 30.015625 1673151207.7611
CHLD 223435 30.117188 1673151207.7611
CHLD 223436 30.117188 1673151207.7612
CHLD 223437 30.117188 1673151207.7612
MEM 37.851562 1673151207.8622
CHLD 223434 30.015625 1673151207.8687
CHLD 223435 30.117188 1673151207.8687
CHLD 223436 30.117188 1673151207.8687
CHLD 223437 30.117188 1673151207.8687
MEM 37.851562 1673151207.9694
CHLD 223434 30.015625 1673151207.9761
CHLD 223435 30.117188 1673151207.9761
CHLD 223436 30.117188 1673151207.9761
CHLD 223437 30.117188 1673151207.9762
MEM 37.851562 1673151208.0768
CHLD 223434 30.015625 1673151208.0836
CHLD 223435 30.117188 1673151208.0836
CHLD 223436 30.117188 1673151208.0836
CHLD 223437 30.117188 1673151208.0837
MEM 37.851562 1673151208.1848
CHLD 223434 30.015625 1673151208.1919
CHLD 223435 30.117188 1673151208.1919
CHLD 223436 30.117188 1673151208.1919
CHLD 223437 30.117188 1673151208.1920
MEM 37.851562 1673151208.2926
CHLD 223434 30.015625 1673151208.3076
CHLD 223435 30.117188 1673151208.3077
CHLD 223436 30.117188 1673151208.3078
CHLD 223437 30.117188 1673151208.3078
MEM 37.851562 1673151208.4084
CHLD 223434 30.015625 1673151208.4233
CHLD 223435 30.117188 1673151208.4234
CHLD 223436 30.117188 1673151208.4234
CHLD 223437 30.117188 1673151208.4235
MEM 37.851562 1673151208.5244
CHLD 223434 30.015625 1673151208.5400
CHLD 223435 30.117188 1673151208.5401
CHLD 223436 30.117188 1673151208.5401
CHLD 223437 30.117188 1673151208.5402
MEM 37.851562 1673151208.6409
CHLD 223434 30.015625 1673151208.6564
CHLD 223435 30.117188 1673151208.6565
CHLD 223436 30.117188 1673151208.6565
CHLD 223437 30.117188 1673151208.6566
MEM 37.851562 1673151208.7572
CHLD 223434 30.015625 1673151208.7727
CHLD 223435 30.117188 1673151208.7728
CHLD 223436 30.117188 1673151208.7729
CHLD 223437 30.117188 1673151208.7729
MEM 37.851562 1673151208.8735
CHLD 223434 30.015625 1673151208.8890
CHLD 223435 30.117188 1673151208.8891
CHLD 223436 30.117188 1673151208.8891
CHLD 223437 30.117188 1673151208.8892
MEM 37.851562 1673151208.9898
CHLD 223434 30.015625 1673151209.0048
CHLD 223435 30.117188 1673151209.0049
CHLD 223436 30.117188 1673151209.0049
CHLD 223437 30.117188 1673151209.0050
MEM 37.851562 1673151209.1056
CHLD 223434 30.015625 1673151209.1196
CHLD 223435 30.117188 1673151209.1196
CHLD 223436 30.117188 1673151209.1197
CHLD 223437 30.117188 1673151209.1197
MEM 37.851562 1673151209.2204
CHLD 223434 30.015625 1673151209.2272
CHLD 223435 30.117188 1673151209.2273
CHLD 223436 30.117188 1673151209.2273
CHLD 223437 30.117188 1673151209.2273
MEM 37.851562 1673151209.3278
CHLD 223434 30.015625 1673151209.3342
CHLD 223435 30.117188 1673151209.3342
CHLD 223436 30.117188 1673151209.3343
CHLD 223437 30.117188 1673151209.3343
MEM 37.851562 1673151209.4349
CHLD 223434 30.015625 1673151209.4423
CHLD 223435 30.117188 1673151209.4424
CHLD 223436 30.117188 1673151209.4424
CHLD 223437 30.117188 1673151209.4424
MEM 37.851562 1673151209.5430
CHLD 223434 30.015625 1673151209.5498
CHLD 223435 30.117188 1673151209.5499
CHLD 223436 30.117188 1673151209.5499
CHLD 223437 30.117188 1673151209.5499
MEM 37.851562 1673151209.6505
CHLD 223434 30.015625 1673151209.6576
CHLD 223435 30.117188 1673151209.6576
CHLD 223436 30.117188 1673151209.6577
CHLD 223437 30.117188 1673151209.6577
MEM 37.851562 1673151209.7582
CHLD 223434 30.015625 1673151209.7732
CHLD 223435 30.117188 1673151209.7733
CHLD 223436 30.117188 1673151209.7734
CHLD 223437 30.117188 1673151209.7734
MEM 37.851562 1673151209.8742
CHLD 223434 30.015625 1673151209.8894
CHLD 223435 30.117188 1673151209.8895
CHLD 223436 30.117188 1673151209.8895
CHLD 223437 30.117188 1673151209.8896
MEM 37.851562 1673151209.9905
CHLD 223434 30.015625 1673151210.0055
CHLD 223435 30.117188 1673151210.0056
CHLD 223436 30.117188 1673151210.0057
CHLD 223437 30.117188 1673151210.0057
MEM 37.851562 1673151210.1063
CHLD 223434 30.015625 1673151210.1208
CHLD 223435 30.117188 1673151210.1209
CHLD 223436 30.117188 1673151210.1210
CHLD 223437 30.117188 1673151210.1210
MEM 37.851562 1673151210.2217
CHLD 223434 30.015625 1673151210.2357
CHLD 223435 30.117188 1673151210.2358
CHLD 223436 30.117188 1673151210.2358
CHLD 223437 30.117188 1673151210.2359
MEM 37.851562 1673151210.3366
CHLD 223434 30.015625 1673151210.3518
CHLD 223435 30.117188 1673151210.3518
CHLD 223436 30.117188 1673151210.3519
CHLD 223437 30.117188 1673151210.3519
MEM 37.851562 1673151210.4529
CHLD 223434 30.015625 1673151210.4684
CHLD 223435 30.117188 1673151210.4684
CHLD 223436 30.117188 1673151210.4685
CHLD 223437 30.117188 1673151210.4686
MEM 37.851562 1673151210.5695
CHLD 223434 30.015625 1673151210.5851
CHLD 223435 30.117188 1673151210.5852
CHLD 223436 30.117188 1673151210.5852
CHLD 223437 30.117188 1673151210.5853
MEM 37.851562 1673151210.6862
CHLD 223434 30.015625 1673151210.7017
CHLD 223435 30.117188 1673151210.7018
CHLD 223436 30.117188 1673151210.7018
CHLD 223437 30.117188 1673151210.7019
MEM 37.851562 1673151210.8028
CHLD 223434 30.015625 1673151210.8184
CHLD 223435 30.117188 1673151210.8185
CHLD 223436 30.117188 1673151210.8185
CHLD 223437 30.117188 1673151210.8186
MEM 37.851562 1673151210.9192
CHLD 223434 30.015625 1673151210.9329
CHLD 223435 30.117188 1673151210.9330
CHLD 223436 30.117188 1673151210.9330
CHLD 223437 30.117188 1673151210.9330
MEM 37.851562 1673151211.0336
CHLD 223434 30.015625 1673151211.0413
CHLD 223435 30.117188 1673151211.0413
CHLD 223436 30.117188 1673151211.0414
CHLD 223437 30.117188 1673151211.0414
MEM 37.851562 1673151211.1420
CHLD 223434 30.015625 1673151211.1488
CHLD 223435 30.117188 1673151211.1488
CHLD 223436 30.117188 1673151211.1488
CHLD 223437 30.117188 1673151211.1488
MEM 37.851562 1673151211.2494
CHLD 223434 30.015625 1673151211.2562
CHLD 223435 30.117188 1673151211.2563
CHLD 223436 30.117188 1673151211.2563
CHLD 223437 30.117188 1673151211.2563
MEM 37.851562 1673151211.3569
CHLD 223434 30.015625 1673151211.3639
CHLD 223435 30.117188 1673151211.3639
CHLD 223436 30.117188 1673151211.3640
CHLD 223437 30.117188 1673151211.3640
MEM 37.851562 1673151211.4646
CHLD 223434 30.015625 1673151211.4728
CHLD 223435 30.117188 1673151211.4728
CHLD 223436 30.117188 1673151211.4729
CHLD 223437 30.117188 1673151211.4729
MEM 37.851562 1673151211.5735
CHLD 223434 30.015625 1673151211.5887
CHLD 223435 30.117188 1673151211.5887
CHLD 223436 30.117188 1673151211.5888
CHLD 223437 30.117188 1673151211.5888
MEM 37.851562 1673151211.6894
CHLD 223434 30.015625 1673151211.7046
CHLD 223435 30.117188 1673151211.7047
CHLD 223436 30.117188 1673151211.7047
CHLD 223437 30.117188 1673151211.7048
MEM 37.851562 1673151211.8053
CHLD 223434 30.015625 1673151211.8123
CHLD 223435 30.117188 1673151211.8123
CHLD 223436 30.117188 1673151211.8123
CHLD 223437 30.117188 1673151211.8124
MEM 37.851562 1673151211.9131
CHLD 223434 30.015625 1673151211.9274
CHLD 223435 30.117188 1673151211.9274
CHLD 223436 30.117188 1673151211.9275
CHLD 223437 30.117188 1673151211.9275
MEM 37.851562 1673151212.0282
CHLD 223434 30.015625 1673151212.0437
CHLD 223435 30.117188 1673151212.0437
CHLD 223436 30.117188 1673151212.0438
CHLD 223437 30.117188 1673151212.0438
MEM 37.851562 1673151212.1448
CHLD 223434 30.015625 1673151212.1601
CHLD 223435 30.117188 1673151212.1601
CHLD 223436 30.117188 1673151212.1602
CHLD 223437 30.117188 1673151212.1602
MEM 37.851562 1673151212.2609
CHLD 223434 30.015625 1673151212.2761
CHLD 223435 30.117188 1673151212.2762
CHLD 223436 30.117188 1673151212.2762
CHLD 223437 30.117188 1673151212.2763
MEM 37.851562 1673151212.3772
CHLD 223434 30.015625 1673151212.3923
CHLD 223435 30.117188 1673151212.3923
CHLD 223436 30.117188 1673151212.3924
CHLD 223437 30.117188 1673151212.3924
MEM 37.851562 1673151212.4934
CHLD 223434 30.015625 1673151212.5087
CHLD 223435 30.117188 1673151212.5087
CHLD 223436 30.117188 1673151212.5088
CHLD 223437 30.117188 1673151212.5088
MEM 37.851562 1673151212.6098
CHLD 223434 30.015625 1673151212.6254
CHLD 223435 30.117188 1673151212.6255
CHLD 223436 30.117188 1673151212.6256
CHLD 223437 30.117188 1673151212.6256
MEM 37.851562 1673151212.7263
CHLD 223434 30.015625 1673151212.7419
CHLD 223435 30.117188 1673151212.7420
CHLD 223436 30.117188 1673151212.7420
CHLD 223437 30.117188 1673151212.7421
MEM 37.851562 1673151212.8427
CHLD 223434 30.015625 1673151212.8580
CHLD 223435 30.117188 1673151212.8580
CHLD 223436 30.117188 1673151212.8581
CHLD 223437 30.117188 1673151212.8581
MEM 37.851562 1673151212.9591
CHLD 223434 30.015625 1673151212.9747
CHLD 223435 30.117188 1673151212.9747
CHLD 223436 30.117188 1673151212.9748
CHLD 223437 30.117188 1673151212.9748
MEM 37.851562 1673151213.0758
CHLD 223434 30.015625 1673151213.0907
CHLD 223435 30.117188 1673151213.0907
CHLD 223436 30.117188 1673151213.0908
CHLD 223437 30.117188 1673151213.0908
MEM 37.851562 1673151213.1914
CHLD 223434 30.015625 1673151213.2063
CHLD 223435 30.117188 1673151213.2064
CHLD 223436 30.117188 1673151213.2064
CHLD 223437 30.117188 1673151213.2064
MEM 37.851562 1673151213.3068
CHLD 223434 30.015625 1673151213.3142
CHLD 223435 30.117188 1673151213.3142
CHLD 223436 30.117188 1673151213.3143
CHLD 223437 30.117188 1673151213.3143
MEM 37.851562 1673151213.4149
CHLD 223434 30.015625 1673151213.4297
CHLD 223435 30.117188 1673151213.4298
CHLD 223436 30.117188 1673151213.4298
CHLD 223437 30.117188 1673151213.4298
MEM 37.851562 1673151213.5303
CHLD 223434 30.015625 1673151213.5457
CHLD 223435 30.117188 1673151213.5458
CHLD 223436 30.117188 1673151213.5458
CHLD 223437 30.117188 1673151213.5459
MEM 37.851562 1673151213.6466
CHLD 223434 30.015625 1673151213.6533
CHLD 223435 30.117188 1673151213.6533
CHLD 223436 30.117188 1673151213.6534
CHLD 223437 30.117188 1673151213.6534
MEM 37.851562 1673151213.7541
CHLD 223434 30.015625 1673151213.7616
CHLD 223435 30.117188 1673151213.7617
CHLD 223436 30.117188 1673151213.7617
CHLD 223437 30.117188 1673151213.7617
MEM 37.851562 1673151213.8625
CHLD 223434 30.015625 1673151213.8773
CHLD 223435 30.117188 1673151213.8774
CHLD 223436 30.117188 1673151213.8774
CHLD 223437 30.117188 1673151213.8775
MEM 37.851562 1673151213.9781
CHLD 223434 30.015625 1673151213.9932
CHLD 223435 30.117188 1673151213.9932
CHLD 223436 30.117188 1673151213.9933
CHLD 223437 30.117188 1673151213.9933
MEM 37.851562 1673151214.0939
CHLD 223434 30.015625 1673151214.1080
CHLD 223435 30.117188 1673151214.1081
CHLD 223436 30.117188 1673151214.1081
CHLD 223437 30.117188 1673151214.1082
MEM 37.851562 1673151214.2092
CHLD 223434 30.015625 1673151214.2247
CHLD 223435 30.117188 1673151214.2248
CHLD 223436 30.117188 1673151214.2248
CHLD 223437 30.117188 1673151214.2249
MEM 37.851562 1673151214.3259
CHLD 223434 30.015625 1673151214.3414
CHLD 223435 30.117188 1673151214.3415
CHLD 223436 30.117188 1673151214.3416
CHLD 223437 30.117188 1673151214.3416
MEM 37.851562 1673151214.4423
CHLD 223434 30.015625 1673151214.4572
CHLD 223435 30.117188 1673151214.4573
CHLD 223436 30.117188 1673151214.4573
CHLD 223437 30.117188 1673151214.4574
MEM 37.851562 1673151214.5580
CHLD 223434 30.015625 1673151214.5734
CHLD 223435 30.117188 1673151214.5734
CHLD 223436 30.117188 1673151214.5735
CHLD 223437 30.117188 1673151214.5735
MEM 37.851562 1673151214.6742
CHLD 223434 30.015625 1673151214.6881
CHLD 223435 30.117188 1673151214.6882
CHLD 223436 30.117188 1673151214.6883
CHLD 223437 30.117188 1673151214.6883
MEM 37.851562 1673151214.7889
CHLD 223434 30.015625 1673151214.8030
CHLD 223435 30.117188 1673151214.8030
CHLD 223436 30.117188 1673151214.8031
CHLD 223437 30.117188 1673151214.8031
MEM 37.851562 1673151214.9037
CHLD 223434 30.015625 1673151214.9163
CHLD 223435 30.117188 1673151214.9164
CHLD 223436 30.117188 1673151214.9164
CHLD 223437 30.117188 1673151214.9165
MEM 37.851562 1673151215.0170
CHLD 223434 30.015625 1673151215.0313
CHLD 223435 30.117188 1673151215.0314
CHLD 223436 30.117188 1673151215.0314
CHLD 223437 30.117188 1673151215.0315
MEM 37.851562 1673151215.1325
CHLD 223434 30.015625 1673151215.1475
CHLD 223435 30.117188 1673151215.1476
CHLD 223436 30.117188 1673151215.1477
CHLD 223437 30.117188 1673151215.1477
MEM 37.851562 1673151215.2483
CHLD 223434 30.015625 1673151215.2629
CHLD 223435 30.117188 1673151215.2629
CHLD 223436 30.117188 1673151215.2630
CHLD 223437 30.117188 1673151215.2630
MEM 37.851562 1673151215.3637
CHLD 223434 30.015625 1673151215.3781
CHLD 223435 30.117188 1673151215.3781
CHLD 223436 30.117188 1673151215.3782
CHLD 223437 30.117188 1673151215.3782
MEM 37.851562 1673151215.4789
CHLD 223434 30.015625 1673151215.4926
CHLD 223435 30.117188 1673151215.4926
CHLD 223436 30.117188 1673151215.4926
CHLD 223437 30.117188 1673151215.4927
MEM 37.851562 1673151215.5933
CHLD 223434 30.015625 1673151215.6074
CHLD 223435 30.117188 1673151215.6075
CHLD 223436 30.117188 1673151215.6075
CHLD 223437 30.117188 1673151215.6076
MEM 37.851562 1673151215.7083
CHLD 223434 30.015625 1673151215.7239
CHLD 223435 30.117188 1673151215.7240
CHLD 223436 30.117188 1673151215.7240
CHLD 223437 30.117188 1673151215.7241
MEM 37.851562 1673151215.8250
CHLD 223434 30.015625 1673151215.8405
CHLD 223435 30.117188 1673151215.8406
CHLD 223436 30.117188 1673151215.8407
CHLD 223437 30.117188 1673151215.8407
MEM 37.851562 1673151215.9416
CHLD 223434 30.015625 1673151215.9565
CHLD 223435 30.117188 1673151215.9566
CHLD 223436 30.117188 1673151215.9567
CHLD 223437 30.117188 1673151215.9567
MEM 37.851562 1673151216.0576
CHLD 223434 30.015625 1673151216.0733
CHLD 223435 30.117188 1673151216.0733
CHLD 223436 30.117188 1673151216.0734
CHLD 223437 30.117188 1673151216.0734
MEM 37.851562 1673151216.1741
CHLD 223434 30.015625 1673151216.1894
CHLD 223435 30.117188 1673151216.1895
CHLD 223436 30.117188 1673151216.1895
CHLD 223437 30.117188 1673151216.1896
MEM 37.851562 1673151216.2901
CHLD 223434 30.015625 1673151216.3036
CHLD 223435 30.117188 1673151216.3037
CHLD 223436 30.117188 1673151216.3037
CHLD 223437 30.117188 1673151216.3037
MEM 37.851562 1673151216.4043
CHLD 223434 30.015625 1673151216.4184
CHLD 223435 30.117188 1673151216.4185
CHLD 223436 30.117188 1673151216.4185
CHLD 223437 30.117188 1673151216.4186
MEM 37.851562 1673151216.5191
CHLD 223434 30.015625 1673151216.5339
CHLD 223435 30.117188 1673151216.5340
CHLD 223436 30.117188 1673151216.5340
CHLD 223437 30.117188 1673151216.5341
MEM 37.851562 1673151216.6347
CHLD 223434 30.015625 1673151216.6498
CHLD 223435 30.117188 1673151216.6499
CHLD 223436 30.117188 1673151216.6499
CHLD 223437 30.117188 1673151216.6500
MEM 37.851562 1673151216.7505
CHLD 223434 30.015625 1673151216.7638
CHLD 223435 30.117188 1673151216.7639
CHLD 223436 30.117188 1673151216.7639
CHLD 223437 30.117188 1673151216.7640
MEM 37.851562 1673151216.8646
CHLD 223434 30.015625 1673151216.8794
CHLD 223435 30.117188 1673151216.8794
CHLD 223436 30.117188 1673151216.8795
CHLD 223437 30.117188 1673151216.8795
MEM 37.851562 1673151216.9799
CHLD 223434 30.015625 1673151216.9940
CHLD 223435 30.117188 1673151216.9941
CHLD 223436 30.117188 1673151216.9941
CHLD 223437 30.117188 1673151216.9942
MEM 37.851562 1673151217.0948
CHLD 223434 30.015625 1673151217.1100
CHLD 223435 30.117188 1673151217.1101
CHLD 223436 30.117188 1673151217.1101
CHLD 223437 30.117188 1673151217.1102
MEM 37.851562 1673151217.2107
CHLD 223434 30.015625 1673151217.2238
CHLD 223435 30.117188 1673151217.2239
CHLD 223436 30.117188 1673151217.2240
CHLD 223437 30.117188 1673151217.2240
MEM 37.851562 1673151217.3246
CHLD 223434 30.015625 1673151217.3399
CHLD 223435 30.117188 1673151217.3400
CHLD 223436 30.117188 1673151217.3400
CHLD 223437 30.117188 1673151217.3401
MEM 37.851562 1673151217.4407
CHLD 223434 30.015625 1673151217.4559
CHLD 223435 30.117188 1673151217.4560
CHLD 223436 30.117188 1673151217.4561
CHLD 223437 30.117188 1673151217.4561
MEM 37.851562 1673151217.5567
CHLD 223434 30.015625 1673151217.5722
CHLD 223435 30.117188 1673151217.5723
CHLD 223436 30.117188 1673151217.5724
CHLD 223437 30.117188 1673151217.5724
MEM 37.851562 1673151217.6730
CHLD 223434 30.015625 1673151217.6877
CHLD 223435 30.117188 1673151217.6878
CHLD 223436 30.117188 1673151217.6878
CHLD 223437 30.117188 1673151217.6878
MEM 37.851562 1673151217.7885
CHLD 223434 30.015625 1673151217.8039
CHLD 223435 30.117188 1673151217.8040
CHLD 223436 30.117188 1673151217.8040
CHLD 223437 30.117188 1673151217.8041
MEM 37.851562 1673151217.9048
CHLD 223434 30.015625 1673151217.9205
CHLD 223435 30.117188 1673151217.9205
CHLD 223436 30.117188 1673151217.9206
CHLD 223437 30.117188 1673151217.9206
MEM 37.851562 1673151218.0213
CHLD 223434 30.015625 1673151218.0363
CHLD 223435 30.117188 1673151218.0364
CHLD 223436 30.117188 1673151218.0364
CHLD 223437 30.117188 1673151218.0365
MEM 37.851562 1673151218.1371
CHLD 223434 30.015625 1673151218.1523
CHLD 223435 30.117188 1673151218.1524
CHLD 223436 30.117188 1673151218.1524
CHLD 223437 30.117188 1673151218.1525
MEM 37.851562 1673151218.2531
CHLD 223434 30.015625 1673151218.2682
CHLD 223435 30.117188 1673151218.2683
CHLD 223436 30.117188 1673151218.2683
CHLD 223437 30.117188 1673151218.2684
MEM 37.851562 1673151218.3690
CHLD 223434 30.015625 1673151218.3842
CHLD 223435 30.117188 1673151218.3843
CHLD 223436 30.117188 1673151218.3844
CHLD 223437 30.117188 1673151218.3844
MEM 37.851562 1673151218.4849
CHLD 223434 30.015625 1673151218.4998
CHLD 223435 30.117188 1673151218.4999
CHLD 223436 30.117188 1673151218.4999
CHLD 223437 30.117188 1673151218.5000
MEM 37.851562 1673151218.6009
CHLD 223434 30.015625 1673151218.6162
CHLD 223435 30.117188 1673151218.6163
CHLD 223436 30.117188 1673151218.6163
CHLD 223437 30.117188 1673151218.6164
MEM 37.851562 1673151218.7173
CHLD 223434 30.015625 1673151218.7328
CHLD 223435 30.117188 1673151218.7329
CHLD 223436 30.117188 1673151218.7330
CHLD 223437 30.117188 1673151218.7330
MEM 37.851562 1673151218.8339
CHLD 223434 30.015625 1673151218.8495
CHLD 223435 30.117188 1673151218.8496
CHLD 223436 30.117188 1673151218.8496
CHLD 223437 30.117188 1673151218.8497
MEM 37.851562 1673151218.9506
CHLD 223434 30.015625 1673151218.9661
CHLD 223435 30.117188 1673151218.9662
CHLD 223436 30.117188 1673151218.9662
CHLD 223437 30.117188 1673151218.9663
MEM 37.851562 1673151219.0672
CHLD 223434 30.015625 1673151219.0825
CHLD 223435 30.117188 1673151219.0826
CHLD 223436 30.117188 1673151219.0827
CHLD 223437 30.117188 1673151219.0827
MEM 37.851562 1673151219.1836
CHLD 223434 30.015625 1673151219.1992
CHLD 223435 30.117188 1673151219.1993
CHLD 223436 30.117188 1673151219.1993
CHLD 223437 30.117188 1673151219.1994
MEM 37.851562 1673151219.3003
CHLD 223434 30.015625 1673151219.3159
CHLD 223435 30.117188 1673151219.3159
CHLD 223436 30.117188 1673151219.3160
CHLD 223437 30.117188 1673151219.3160
MEM 37.851562 1673151219.4170
CHLD 223434 30.015625 1673151219.4326
CHLD 223435 30.117188 1673151219.4326
CHLD 223436 30.117188 1673151219.4327
CHLD 223437 30.117188 1673151219.4327
MEM 37.851562 1673151219.5337
CHLD 223434 30.015625 1673151219.5489
CHLD 223435 30.117188 1673151219.5490
CHLD 223436 30.117188 1673151219.5490
CHLD 223437 30.117188 1673151219.5491
MEM 37.851562 1673151219.6498
CHLD 223434 30.015625 1673151219.6653
CHLD 223435 30.117188 1673151219.6654
CHLD 223436 30.117188 1673151219.6654
CHLD 223437 30.117188 1673151219.6655
MEM 37.851562 1673151219.7664
CHLD 223434 30.015625 1673151219.7820
CHLD 223435 30.117188 1673151219.7821
CHLD 223436 30.117188 1673151219.7821
CHLD 223437 30.117188 1673151219.7822
MEM 37.851562 1673151219.8832
CHLD 223434 30.015625 1673151219.8986
CHLD 223435 30.117188 1673151219.8987
CHLD 223436 30.117188 1673151219.8988
CHLD 223437 30.117188 1673151219.8988
MEM 37.851562 1673151219.9997
CHLD 223434 30.015625 1673151220.0153
CHLD 223435 30.117188 1673151220.0153
CHLD 223436 30.117188 1673151220.0154
CHLD 223437 30.117188 1673151220.0154
MEM 37.851562 1673151220.1163
CHLD 223434 30.015625 1673151220.1319
CHLD 223435 30.117188 1673151220.1319
CHLD 223436 30.117188 1673151220.1320
CHLD 223437 30.117188 1673151220.1320
MEM 37.851562 1673151220.2330
CHLD 223434 30.015625 1673151220.2485
CHLD 223435 30.117188 1673151220.2486
CHLD 223436 30.117188 1673151220.2486
CHLD 223437 30.117188 1673151220.2487
MEM 37.851562 1673151220.3496
CHLD 223434 30.015625 1673151220.3651
CHLD 223435 30.117188 1673151220.3652
CHLD 223436 30.117188 1673151220.3652
CHLD 223437 30.117188 1673151220.3653
MEM 37.851562 1673151220.4662
CHLD 223434 30.015625 1673151220.4818
CHLD 223435 30.117188 1673151220.4818
CHLD 223436 30.117188 1673151220.4819
CHLD 223437 30.117188 1673151220.4819
MEM 37.851562 1673151220.5829
CHLD 223434 30.015625 1673151220.5984
CHLD 223435 30.117188 1673151220.5984
CHLD 223436 30.117188 1673151220.5985
CHLD 223437 30.117188 1673151220.5985
MEM 37.851562 1673151220.6992
CHLD 223434 30.015625 1673151220.7144
CHLD 223435 30.117188 1673151220.7145
CHLD 223436 30.117188 1673151220.7146
CHLD 223437 30.117188 1673151220.7146
MEM 37.851562 1673151220.8151
CHLD 223434 30.015625 1673151220.8304
CHLD 223435 30.117188 1673151220.8305
CHLD 223436 30.117188 1673151220.8306
CHLD 223437 30.117188 1673151220.8306
MEM 37.851562 1673151220.9312
CHLD 223434 30.015625 1673151220.9438
CHLD 223435 30.117188 1673151220.9439
CHLD 223436 30.117188 1673151220.9439
CHLD 223437 30.117188 1673151220.9440
MEM 37.851562 1673151221.0445
CHLD 223434 30.015625 1673151221.0600
CHLD 223435 30.117188 1673151221.0601
CHLD 223436 30.117188 1673151221.0601
CHLD 223437 30.117188 1673151221.0602
MEM 37.851562 1673151221.1611
CHLD 223434 30.015625 1673151221.1768
CHLD 223435 30.117188 1673151221.1769
CHLD 223436 30.117188 1673151221.1769
CHLD 223437 30.117188 1673151221.1770
MEM 37.851562 1673151221.2778
CHLD 223434 30.015625 1673151221.2924
CHLD 223435 30.117188 1673151221.2925
CHLD 223436 30.117188 1673151221.2925
CHLD 223437 30.117188 1673151221.2925
MEM 37.851562 1673151221.3931
CHLD 223434 30.015625 1673151221.4069
CHLD 223435 30.117188 1673151221.4070
CHLD 223436 30.117188 1673151221.4070
CHLD 223437 30.117188 1673151221.4071
MEM 37.851562 1673151221.5076
CHLD 223434 30.015625 1673151221.5223
CHLD 223435 30.117188 1673151221.5224
CHLD 223436 30.117188 1673151221.5224
CHLD 223437 30.117188 1673151221.5225
MEM 37.851562 1673151221.6231
CHLD 223434 30.015625 1673151221.6380
CHLD 223435 30.117188 1673151221.6380
CHLD 223436 30.117188 1673151221.6381
CHLD 223437 30.117188 1673151221.6382
MEM 37.851562 1673151221.7391
CHLD 223434 30.015625 1673151221.7546
CHLD 223435 30.117188 1673151221.7547
CHLD 223436 30.117188 1673151221.7548
CHLD 223437 30.117188 1673151221.7548
MEM 37.851562 1673151221.8558
CHLD 223434 30.015625 1673151221.8713
CHLD 223435 30.117188 1673151221.8714
CHLD 223436 30.117188 1673151221.8714
CHLD 223437 30.117188 1673151221.8715
MEM 37.851562 1673151221.9721
CHLD 223434 30.015625 1673151221.9878
CHLD 223435 30.117188 1673151221.9878
CHLD 223436 30.117188 1673151221.9879
CHLD 223437 30.117188 1673151221.9879
MEM 37.851562 1673151222.0889
CHLD 223434 30.015625 1673151222.1045
CHLD 223435 30.117188 1673151222.1046
CHLD 223436 30.117188 1673151222.1046
CHLD 223437 30.117188 1673151222.1047
MEM 37.851562 1673151222.2056
CHLD 223434 30.015625 1673151222.2207
CHLD 223435 30.117188 1673151222.2208
CHLD 223436 30.117188 1673151222.2208
CHLD 223437 30.117188 1673151222.2209
MEM 37.851562 1673151222.3215
CHLD 223434 30.015625 1673151222.3365
CHLD 223435 30.117188 1673151222.3365
CHLD 223436 30.117188 1673151222.3365
CHLD 223437 30.117188 1673151222.3366
MEM 37.851562 1673151222.4371
CHLD 223434 30.015625 1673151222.4493
CHLD 223435 30.117188 1673151222.4493
CHLD 223436 30.117188 1673151222.4494
CHLD 223437 30.117188 1673151222.4494
MEM 37.851562 1673151222.5500
CHLD 223434 30.015625 1673151222.5642
CHLD 223435 30.117188 1673151222.5643
CHLD 223436 30.117188 1673151222.5643
CHLD 223437 30.117188 1673151222.5644
MEM 37.851562 1673151222.6650
CHLD 223434 30.015625 1673151222.6798
CHLD 223435 30.117188 1673151222.6799
CHLD 223436 30.117188 1673151222.6799
CHLD 223437 30.117188 1673151222.6800
MEM 37.851562 1673151222.7807
CHLD 223434 30.015625 1673151222.7956
CHLD 223435 30.117188 1673151222.7957
CHLD 223436 30.117188 1673151222.7958
CHLD 223437 30.117188 1673151222.7958
MEM 37.851562 1673151222.8965
CHLD 223434 30.015625 1673151222.9110
CHLD 223435 30.117188 1673151222.9111
CHLD 223436 30.117188 1673151222.9112
CHLD 223437 30.117188 1673151222.9112
MEM 37.851562 1673151223.0118
CHLD 223434 30.015625 1673151223.0267
CHLD 223435 30.117188 1673151223.0268
CHLD 223436 30.117188 1673151223.0269
CHLD 223437 30.117188 1673151223.0269
MEM 37.851562 1673151223.1275
CHLD 223434 30.015625 1673151223.1425
CHLD 223435 30.117188 1673151223.1425
CHLD 223436 30.117188 1673151223.1426
CHLD 223437 30.117188 1673151223.1426
MEM 37.851562 1673151223.2432
CHLD 223434 30.015625 1673151223.2573
CHLD 223435 30.117188 1673151223.2574
CHLD 223436 30.117188 1673151223.2574
CHLD 223437 30.117188 1673151223.2574
MEM 37.851562 1673151223.3579
CHLD 223434 30.015625 1673151223.3727
CHLD 223435 30.117188 1673151223.3728
CHLD 223436 30.117188 1673151223.3728
CHLD 223437 30.117188 1673151223.3729
MEM 37.851562 1673151223.4733
CHLD 223434 30.015625 1673151223.4877
CHLD 223435 30.117188 1673151223.4878
CHLD 223436 30.117188 1673151223.4879
CHLD 223437 30.117188 1673151223.4879
MEM 37.851562 1673151223.5883
CHLD 223434 30.015625 1673151223.6015
CHLD 223435 30.117188 1673151223.6015
CHLD 223436 30.117188 1673151223.6016
CHLD 223437 30.117188 1673151223.6016
MEM 37.851562 1673151223.7024
CHLD 223434 30.015625 1673151223.7106
CHLD 223435 30.117188 1673151223.7107
CHLD 223436 30.117188 1673151223.7107
CHLD 223437 30.117188 1673151223.7107
MEM 37.851562 1673151223.8115
CHLD 223434 30.015625 1673151223.8189
CHLD 223435 30.117188 1673151223.8189
CHLD 223436 30.117188 1673151223.8190
CHLD 223437 30.117188 1673151223.8190
MEM 37.851562 1673151223.9197
CHLD 223434 30.015625 1673151223.9282
CHLD 223435 30.117188 1673151223.9282
CHLD 223436 30.117188 1673151223.9283
CHLD 223437 30.117188 1673151223.9283
MEM 37.851562 1673151224.0289
CHLD 223434 30.015625 1673151224.0377
CHLD 223435 30.117188 1673151224.0377
CHLD 223436 30.117188 1673151224.0378
CHLD 223437 30.117188 1673151224.0378
MEM 37.851562 1673151224.1385
CHLD 223434 30.015625 1673151224.1473
CHLD 223435 30.117188 1673151224.1473
CHLD 223436 30.117188 1673151224.1474
CHLD 223437 30.117188 1673151224.1474
MEM 37.851562 1673151224.2480
CHLD 223434 30.015625 1673151224.2568
CHLD 223435 30.117188 1673151224.2568
CHLD 223436 30.117188 1673151224.2568
CHLD 223437 30.117188 1673151224.2568
MEM 37.851562 1673151224.3574
CHLD 223434 30.015625 1673151224.3648
CHLD 223435 30.117188 1673151224.3648
CHLD 223436 30.117188 1673151224.3648
CHLD 223437 30.117188 1673151224.3648
MEM 37.851562 1673151224.4653
CHLD 223434 30.015625 1673151224.4732
CHLD 223435 30.117188 1673151224.4733
CHLD 223436 30.117188 1673151224.4733
CHLD 223437 30.117188 1673151224.4733
MEM 37.851562 1673151224.5738
CHLD 223434 30.015625 1673151224.5808
CHLD 223435 30.117188 1673151224.5808
CHLD 223436 30.117188 1673151224.5809
CHLD 223437 30.117188 1673151224.5809
MEM 37.851562 1673151224.6816
CHLD 223434 30.015625 1673151224.6894
CHLD 223435 30.117188 1673151224.6894
CHLD 223436 30.117188 1673151224.6894
CHLD 223437 30.117188 1673151224.6894
MEM 37.851562 1673151224.7903
CHLD 223434 30.015625 1673151224.7979
CHLD 223435 30.117188 1673151224.7979
CHLD 223436 30.117188 1673151224.7980
CHLD 223437 30.117188 1673151224.7980
MEM 37.851562 1673151224.8986
CHLD 223434 30.015625 1673151224.9072
CHLD 223435 30.117188 1673151224.9072
CHLD 223436 30.117188 1673151224.9073
CHLD 223437 30.117188 1673151224.9073
MEM 37.851562 1673151225.0077
CHLD 223434 30.015625 1673151225.0150
CHLD 223435 30.117188 1673151225.0150
CHLD 223436 30.117188 1673151225.0150
CHLD 223437 30.117188 1673151225.0150
MEM 37.851562 1673151225.1155
CHLD 223434 30.015625 1673151225.1250
CHLD 223435 30.117188 1673151225.1250
CHLD 223436 30.117188 1673151225.1251
CHLD 223437 30.117188 1673151225.1251
MEM 37.851562 1673151225.2260
CHLD 223434 30.015625 1673151225.2416
CHLD 223435 30.117188 1673151225.2416
CHLD 223436 30.117188 1673151225.2417
CHLD 223437 30.117188 1673151225.2417
MEM 37.851562 1673151225.3427
CHLD 223434 30.015625 1673151225.3583
CHLD 223435 30.117188 1673151225.3583
CHLD 223436 30.117188 1673151225.3584
CHLD 223437 30.117188 1673151225.3584
MEM 37.851562 1673151225.4593
CHLD 223434 30.015625 1673151225.4752
CHLD 223435 30.117188 1673151225.4753
CHLD 223436 30.117188 1673151225.4753
CHLD 223437 30.117188 1673151225.4754
MEM 37.851562 1673151225.5761
CHLD 223434 30.015625 1673151225.5910
CHLD 223435 30.117188 1673151225.5910
CHLD 223436 30.117188 1673151225.5911
CHLD 223437 30.117188 1673151225.5912
MEM 37.851562 1673151225.6921
CHLD 223434 30.015625 1673151225.7079
CHLD 223435 30.117188 1673151225.7080
CHLD 223436 30.117188 1673151225.7080
CHLD 223437 30.117188 1673151225.7081
MEM 37.851562 1673151225.8088
CHLD 223434 30.015625 1673151225.8163
CHLD 223435 30.117188 1673151225.8163
CHLD 223436 30.117188 1673151225.8163
CHLD 223437 30.117188 1673151225.8163
MEM 37.851562 1673151225.9170
CHLD 223434 30.015625 1673151225.9327
CHLD 223435 30.117188 1673151225.9328
CHLD 223436 30.117188 1673151225.9328
CHLD 223437 30.117188 1673151225.9329
MEM 37.851562 1673151226.0339
CHLD 223434 30.015625 1673151226.0501
CHLD 223435 30.117188 1673151226.0502
CHLD 223436 30.117188 1673151226.0502
CHLD 223437 30.117188 1673151226.0503
MEM 37.851562 1673151226.1512
CHLD 223434 30.015625 1673151226.1670
CHLD 223435 30.117188 1673151226.1670
CHLD 223436 30.117188 1673151226.1671
CHLD 223437 30.117188 1673151226.1671
MEM 37.851562 1673151226.2681
CHLD 223434 30.015625 1673151226.2843
CHLD 223435 30.117188 1673151226.2844
CHLD 223436 30.117188 1673151226.2845
CHLD 223437 30.117188 1673151226.2845
MEM 37.851562 1673151226.3854
CHLD 223434 30.015625 1673151226.4011
CHLD 223435 30.117188 1673151226.4012
CHLD 223436 30.117188 1673151226.4013
CHLD 223437 30.117188 1673151226.4013
MEM 37.851562 1673151226.5020
CHLD 223434 30.015625 1673151226.5175
CHLD 223435 30.117188 1673151226.5176
CHLD 223436 30.117188 1673151226.5176
CHLD 223437 30.117188 1673151226.5177
MEM 37.851562 1673151226.6185
CHLD 223434 30.015625 1673151226.6341
CHLD 223435 30.117188 1673151226.6342
CHLD 223436 30.117188 1673151226.6342
CHLD 223437 30.117188 1673151226.6343
MEM 37.851562 1673151226.7351
CHLD 223434 30.015625 1673151226.7507
CHLD 223435 30.117188 1673151226.7508
CHLD 223436 30.117188 1673151226.7508
CHLD 223437 30.117188 1673151226.7509
MEM 37.851562 1673151226.8515
CHLD 223434 30.015625 1673151226.8674
CHLD 223435 30.117188 1673151226.8674
CHLD 223436 30.117188 1673151226.8675
CHLD 223437 30.117188 1673151226.8676
MEM 37.851562 1673151226.9682
CHLD 223434 30.015625 1673151226.9839
CHLD 223435 30.117188 1673151226.9839
CHLD 223436 30.117188 1673151226.9840
CHLD 223437 30.117188 1673151226.9841
MEM 37.851562 1673151227.0847
CHLD 223434 30.015625 1673151227.1013
CHLD 223435 30.117188 1673151227.1013
CHLD 223436 30.117188 1673151227.1014
CHLD 223437 30.117188 1673151227.1014
MEM 37.851562 1673151227.2021
CHLD 223434 30.015625 1673151227.2177
CHLD 223435 30.117188 1673151227.2178
CHLD 223436 30.117188 1673151227.2178
CHLD 223437 30.117188 1673151227.2179
MEM 37.851562 1673151227.3185
CHLD 223434 30.015625 1673151227.3342
CHLD 223435 30.117188 1673151227.3343
CHLD 223436 30.117188 1673151227.3343
CHLD 223437 30.117188 1673151227.3344
MEM 37.851562 1673151227.4350
CHLD 223434 30.015625 1673151227.4511
CHLD 223435 30.117188 1673151227.4511
CHLD 223436 30.117188 1673151227.4512
CHLD 223437 30.117188 1673151227.4512
MEM 37.851562 1673151227.5521
CHLD 223434 30.015625 1673151227.5677
CHLD 223435 30.117188 1673151227.5678
CHLD 223436 30.117188 1673151227.5678
CHLD 223437 30.117188 1673151227.5679
MEM 37.851562 1673151227.6685
CHLD 223434 30.015625 1673151227.6846
CHLD 223435 30.117188 1673151227.6847
CHLD 223436 30.117188 1673151227.6848
CHLD 223437 30.117188 1673151227.6848
MEM 37.851562 1673151227.7855
CHLD 223434 30.015625 1673151227.7921
CHLD 223435 30.117188 1673151227.7921
CHLD 223436 30.117188 1673151227.7922
CHLD 223437 30.117188 1673151227.7922
MEM 37.851562 1673151227.8931
CHLD 223434 30.015625 1673151227.9075
CHLD 223435 30.117188 1673151227.9076
CHLD 223436 30.117188 1673151227.9076
CHLD 223437 30.117188 1673151227.9077
MEM 37.851562 1673151228.0083
CHLD 223434 30.015625 1673151228.0237
CHLD 223435 30.117188 1673151228.0238
CHLD 223436 30.117188 1673151228.0238
CHLD 223437 30.117188 1673151228.0239
MEM 37.851562 1673151228.1245
CHLD 223434 30.015625 1673151228.1402
CHLD 223435 30.117188 1673151228.1403
CHLD 223436 30.117188 1673151228.1403
CHLD 223437 30.117188 1673151228.1404
MEM 37.851562 1673151228.2410
CHLD 223434 30.015625 1673151228.2561
CHLD 223435 30.117188 1673151228.2562
CHLD 223436 30.117188 1673151228.2562
CHLD 223437 30.117188 1673151228.2563
MEM 37.851562 1673151228.3569
CHLD 223434 30.015625 1673151228.3648
CHLD 223435 30.117188 1673151228.3649
CHLD 223436 30.117188 1673151228.3649
CHLD 223437 30.117188 1673151228.3649
MEM 37.851562 1673151228.4659
CHLD 223434 30.015625 1673151228.4816
CHLD 223435 30.117188 1673151228.4817
CHLD 223436 30.117188 1673151228.4817
CHLD 223437 30.117188 1673151228.4818
MEM 37.851562 1673151228.5828
CHLD 223434 30.015625 1673151228.5985
CHLD 223435 30.117188 1673151228.5985
CHLD 223436 30.117188 1673151228.5986
CHLD 223437 30.117188 1673151228.5987
MEM 37.851562 1673151228.6996
CHLD 223434 30.015625 1673151228.7151
CHLD 223435 30.117188 1673151228.7152
CHLD 223436 30.117188 1673151228.7152
CHLD 223437 30.117188 1673151228.7153
MEM 37.851562 1673151228.8159
CHLD 223434 30.015625 1673151228.8314
CHLD 223435 30.117188 1673151228.8314
CHLD 223436 30.117188 1673151228.8315
CHLD 223437 30.117188 1673151228.8315
MEM 37.851562 1673151228.9320
CHLD 223434 30.015625 1673151228.9474
CHLD 223435 30.117188 1673151228.9475
CHLD 223436 30.117188 1673151228.9475
CHLD 223437 30.117188 1673151228.9476
MEM 37.851562 1673151229.0485
CHLD 223434 30.015625 1673151229.0641
CHLD 223435 30.117188 1673151229.0641
CHLD 223436 30.117188 1673151229.0642
CHLD 223437 30.117188 1673151229.0642
MEM 37.906250 1673151229.1651
CHLD 223434 30.015625 1673151229.1840
CHLD 223435 30.539062 1673151229.1841
CHLD 223436 30.117188 1673151229.1841
CHLD 223437 30.117188 1673151229.1842
MEM 37.906250 1673151229.2851
CHLD 223434 30.015625 1673151229.2987
CHLD 223435 31.988281 1673151229.2988
CHLD 223436 30.117188 1673151229.2988
CHLD 223437 30.117188 1673151229.2989
MEM 37.906250 1673151229.3995
CHLD 223434 30.015625 1673151229.4158
CHLD 223435 31.988281 1673151229.4159
CHLD 223436 30.117188 1673151229.4159
CHLD 223437 30.117188 1673151229.4160
MEM 37.906250 1673151229.5166
CHLD 223434 30.015625 1673151229.5317
CHLD 223435 31.988281 1673151229.5318
CHLD 223436 30.117188 1673151229.5319
CHLD 223437 30.117188 1673151229.5319
MEM 37.906250 1673151229.6327
CHLD 223434 30.015625 1673151229.6483
CHLD 223435 31.988281 1673151229.6483
CHLD 223436 30.117188 1673151229.6484
CHLD 223437 30.117188 1673151229.6484
MEM 37.906250 1673151229.7492
CHLD 223434 30.015625 1673151229.7644
CHLD 223435 31.988281 1673151229.7645
CHLD 223436 30.117188 1673151229.7645
CHLD 223437 30.117188 1673151229.7646
MEM 37.906250 1673151229.8652
CHLD 223434 30.015625 1673151229.8808
CHLD 223435 31.988281 1673151229.8808
CHLD 223436 30.117188 1673151229.8809
CHLD 223437 30.117188 1673151229.8809
MEM 37.906250 1673151229.9819
CHLD 223434 30.015625 1673151229.9974
CHLD 223435 31.988281 1673151229.9975
CHLD 223436 30.117188 1673151229.9976
CHLD 223437 30.117188 1673151229.9976
MEM 37.906250 1673151230.0986
CHLD 223434 30.015625 1673151230.1139
CHLD 223435 31.988281 1673151230.1140
CHLD 223436 30.117188 1673151230.1140
CHLD 223437 30.117188 1673151230.1141
MEM 37.906250 1673151230.2151
CHLD 223434 30.015625 1673151230.2308
CHLD 223435 31.988281 1673151230.2308
CHLD 223436 30.117188 1673151230.2309
CHLD 223437 30.117188 1673151230.2309
MEM 37.906250 1673151230.3319
CHLD 223434 30.015625 1673151230.3475
CHLD 223435 31.988281 1673151230.3475
CHLD 223436 30.117188 1673151230.3476
CHLD 223437 30.117188 1673151230.3476
MEM 37.906250 1673151230.4482
CHLD 223434 30.015625 1673151230.4626
CHLD 223435 31.988281 1673151230.4627
CHLD 223436 30.117188 1673151230.4627
CHLD 223437 30.117188 1673151230.4628
MEM 37.906250 1673151230.5638
CHLD 223434 30.015625 1673151230.5796
CHLD 223435 31.988281 1673151230.5797
CHLD 223436 30.117188 1673151230.5797
CHLD 223437 30.117188 1673151230.5798
MEM 37.906250 1673151230.6805
CHLD 223434 30.015625 1673151230.6961
CHLD 223435 31.988281 1673151230.6962
CHLD 223436 30.117188 1673151230.6962
CHLD 223437 30.117188 1673151230.6963
MEM 37.906250 1673151230.7969
CHLD 223434 30.015625 1673151230.8123
CHLD 223435 31.988281 1673151230.8124
CHLD 223436 30.117188 1673151230.8125
CHLD 223437 30.117188 1673151230.8125
MEM 37.906250 1673151230.9131
CHLD 223434 30.015625 1673151230.9287
CHLD 223435 31.988281 1673151230.9288
CHLD 223436 30.117188 1673151230.9288
CHLD 223437 30.117188 1673151230.9289
MEM 37.906250 1673151231.0295
CHLD 223434 30.015625 1673151231.0445
CHLD 223435 31.988281 1673151231.0446
CHLD 223436 30.117188 1673151231.0446
CHLD 223437 30.117188 1673151231.0447
MEM 37.906250 1673151231.1455
CHLD 223434 30.015625 1673151231.1597
CHLD 223435 31.988281 1673151231.1598
CHLD 223436 30.117188 1673151231.1598
CHLD 223437 30.117188 1673151231.1599
MEM 37.906250 1673151231.2605
CHLD 223434 30.015625 1673151231.2761
CHLD 223435 31.988281 1673151231.2761
CHLD 223436 30.117188 1673151231.2762
CHLD 223437 30.117188 1673151231.2762
MEM 37.906250 1673151231.3769
CHLD 223434 30.015625 1673151231.3919
CHLD 223435 31.988281 1673151231.3920
CHLD 223436 30.117188 1673151231.3920
CHLD 223437 30.117188 1673151231.3921
MEM 37.906250 1673151231.4930
CHLD 223434 30.015625 1673151231.5082
CHLD 223435 31.988281 1673151231.5083
CHLD 223436 30.117188 1673151231.5083
CHLD 223437 30.117188 1673151231.5084
MEM 37.906250 1673151231.6094
CHLD 223434 30.015625 1673151231.6248
CHLD 223435 31.988281 1673151231.6249
CHLD 223436 30.117188 1673151231.6249
CHLD 223437 30.117188 1673151231.6250
MEM 37.906250 1673151231.7260
CHLD 223434 30.015625 1673151231.7415
CHLD 223435 31.988281 1673151231.7416
CHLD 223436 30.117188 1673151231.7416
CHLD 223437 30.117188 1673151231.7417
MEM 37.976562 1673151231.8422
CHLD 223434 30.015625 1673151231.8602
CHLD 223435 31.988281 1673151231.8603
CHLD 223436 30.117188 1673151231.8603
CHLD 223437 30.117188 1673151231.8604
MEM 37.976562 1673151231.9613
CHLD 223434 30.015625 1673151231.9771
CHLD 223435 31.988281 1673151231.9771
CHLD 223436 30.117188 1673151231.9772
CHLD 223437 30.117188 1673151231.9772
MEM 37.976562 1673151232.0780
CHLD 223434 30.015625 1673151232.0941
CHLD 223435 31.988281 1673151232.0941
CHLD 223436 30.117188 1673151232.0942
CHLD 223437 30.117188 1673151232.0942
MEM 37.976562 1673151232.1948
CHLD 223434 30.015625 1673151232.2169
CHLD 223435 31.988281 1673151232.2170
CHLD 223436 30.117188 1673151232.2171
CHLD 223437 30.117188 1673151232.2172
MEM 37.976562 1673151232.3181
CHLD 223434 30.015625 1673151232.3337
CHLD 223435 31.988281 1673151232.3337
CHLD 223436 30.117188 1673151232.3338
CHLD 223437 30.117188 1673151232.3338
MEM 37.976562 1673151232.4344
CHLD 223434 30.015625 1673151232.4492
CHLD 223435 31.988281 1673151232.4493
CHLD 223436 30.117188 1673151232.4493
CHLD 223437 30.117188 1673151232.4494
MEM 37.976562 1673151232.5503
CHLD 223434 30.015625 1673151232.5664
CHLD 223435 31.988281 1673151232.5665
CHLD 223436 30.117188 1673151232.5666
CHLD 223437 30.117188 1673151232.5666
MEM 37.976562 1673151232.6675
CHLD 223434 30.015625 1673151232.6831
CHLD 223435 31.988281 1673151232.6832
CHLD 223436 30.117188 1673151232.6833
CHLD 223437 30.117188 1673151232.6833
MEM 37.976562 1673151232.7842
CHLD 223434 30.015625 1673151232.7995
CHLD 223435 31.988281 1673151232.7996
CHLD 223436 30.117188 1673151232.7996
CHLD 223437 30.117188 1673151232.7997
MEM 37.976562 1673151232.9006
CHLD 223434 30.015625 1673151232.9162
CHLD 223435 31.988281 1673151232.9163
CHLD 223436 30.117188 1673151232.9163
CHLD 223437 30.117188 1673151232.9164
MEM 37.976562 1673151233.0173
CHLD 223434 30.015625 1673151233.0329
CHLD 223435 31.988281 1673151233.0330
CHLD 223436 30.117188 1673151233.0330
CHLD 223437 30.117188 1673151233.0331
MEM 37.976562 1673151233.1340
CHLD 223434 30.015625 1673151233.1495
CHLD 223435 31.988281 1673151233.1496
CHLD 223436 30.117188 1673151233.1496
CHLD 223437 30.117188 1673151233.1497
MEM 37.976562 1673151233.2505
CHLD 223434 30.015625 1673151233.2655
CHLD 223435 31.988281 1673151233.2656
CHLD 223436 30.117188 1673151233.2656
CHLD 223437 30.117188 1673151233.2657
MEM 37.976562 1673151233.3666
CHLD 223434 30.015625 1673151233.3818
CHLD 223435 31.988281 1673151233.3819
CHLD 223436 30.117188 1673151233.3820
CHLD 223437 30.117188 1673151233.3820
MEM 37.976562 1673151233.4829
CHLD 223434 30.015625 1673151233.4987
CHLD 223435 31.988281 1673151233.4988
CHLD 223436 30.117188 1673151233.4988
CHLD 223437 30.117188 1673151233.4989
MEM 37.976562 1673151233.5999
CHLD 223434 30.015625 1673151233.6152
CHLD 223435 31.988281 1673151233.6153
CHLD 223436 30.117188 1673151233.6153
CHLD 223437 30.117188 1673151233.6153
MEM 37.976562 1673151233.7162
CHLD 223434 30.015625 1673151233.7319
CHLD 223435 31.988281 1673151233.7319
CHLD 223436 30.117188 1673151233.7320
CHLD 223437 30.117188 1673151233.7320
MEM 37.976562 1673151233.8327
CHLD 223434 30.015625 1673151233.8486
CHLD 223435 31.988281 1673151233.8487
CHLD 223436 30.117188 1673151233.8487
CHLD 223437 30.117188 1673151233.8488
MEM 37.976562 1673151233.9497
CHLD 223434 30.015625 1673151233.9649
CHLD 223435 31.988281 1673151233.9650
CHLD 223436 30.117188 1673151233.9650
CHLD 223437 30.117188 1673151233.9651
MEM 37.976562 1673151234.0660
CHLD 223434 30.015625 1673151234.0815
CHLD 223435 31.988281 1673151234.0816
CHLD 223436 30.117188 1673151234.0817
CHLD 223437 30.117188 1673151234.0817
MEM 37.976562 1673151234.1824
CHLD 223434 30.015625 1673151234.1980
CHLD 223435 31.988281 1673151234.1980
CHLD 223436 30.117188 1673151234.1981
CHLD 223437 30.117188 1673151234.1981
MEM 37.976562 1673151234.2986
CHLD 223434 30.015625 1673151234.3140
CHLD 223435 31.988281 1673151234.3140
CHLD 223436 30.117188 1673151234.3141
CHLD 223437 30.117188 1673151234.3141
MEM 37.976562 1673151234.4151
CHLD 223434 30.015625 1673151234.4306
CHLD 223435 31.988281 1673151234.4307
CHLD 223436 30.117188 1673151234.4307
CHLD 223437 30.117188 1673151234.4308
MEM 37.976562 1673151234.5314
CHLD 223434 30.015625 1673151234.5479
CHLD 223435 31.988281 1673151234.5479
CHLD 223436 30.117188 1673151234.5480
CHLD 223437 30.117188 1673151234.5480
MEM 37.976562 1673151234.6489
CHLD 223434 30.015625 1673151234.6644
CHLD 223435 31.988281 1673151234.6645
CHLD 223436 30.117188 1673151234.6645
CHLD 223437 30.117188 1673151234.6646
MEM 37.976562 1673151234.7655
CHLD 223434 30.015625 1673151234.7811
CHLD 223435 31.988281 1673151234.7811
CHLD 223436 30.117188 1673151234.7812
CHLD 223437 30.117188 1673151234.7812
MEM 37.976562 1673151234.8821
CHLD 223434 30.015625 1673151234.8977
CHLD 223435 31.988281 1673151234.8978
CHLD 223436 30.117188 1673151234.8979
CHLD 223437 30.117188 1673151234.8979
MEM 37.976562 1673151234.9985
CHLD 223434 30.015625 1673151235.0133
CHLD 223435 31.988281 1673151235.0133
CHLD 223436 30.117188 1673151235.0134
CHLD 223437 30.117188 1673151235.0134
MEM 37.976562 1673151235.1141
CHLD 223434 30.015625 1673151235.1296
CHLD 223435 31.988281 1673151235.1297
CHLD 223436 30.117188 1673151235.1298
CHLD 223437 30.117188 1673151235.1298
MEM 37.976562 1673151235.2307
CHLD 223434 30.015625 1673151235.2473
CHLD 223435 31.988281 1673151235.2474
CHLD 223436 30.117188 1673151235.2474
CHLD 223437 30.117188 1673151235.2475
MEM 37.976562 1673151235.3484
CHLD 223434 30.015625 1673151235.3639
CHLD 223435 31.988281 1673151235.3640
CHLD 223436 30.117188 1673151235.3641
CHLD 223437 30.117188 1673151235.3641
MEM 37.976562 1673151235.4650
CHLD 223434 30.015625 1673151235.4807
CHLD 223435 31.988281 1673151235.4807
CHLD 223436 30.117188 1673151235.4808
CHLD 223437 30.117188 1673151235.4808
MEM 37.976562 1673151235.5818
CHLD 223434 30.015625 1673151235.5972
CHLD 223435 31.988281 1673151235.5972
CHLD 223436 30.117188 1673151235.5973
CHLD 223437 30.117188 1673151235.5973
MEM 37.976562 1673151235.6983
CHLD 223434 30.015625 1673151235.7138
CHLD 223435 31.988281 1673151235.7139
CHLD 223436 30.117188 1673151235.7139
CHLD 223437 30.117188 1673151235.7140
MEM 37.976562 1673151235.8149
CHLD 223434 30.015625 1673151235.8304
CHLD 223435 31.988281 1673151235.8305
CHLD 223436 30.117188 1673151235.8305
CHLD 223437 30.117188 1673151235.8306
MEM 37.976562 1673151235.9315
CHLD 223434 30.015625 1673151235.9470
CHLD 223435 31.988281 1673151235.9471
CHLD 223436 30.117188 1673151235.9471
CHLD 223437 30.117188 1673151235.9472
MEM 37.976562 1673151236.0481
CHLD 223434 30.015625 1673151236.0626
CHLD 223435 31.988281 1673151236.0627
CHLD 223436 30.117188 1673151236.0627
CHLD 223437 30.117188 1673151236.0628
MEM 37.976562 1673151236.1637
CHLD 223434 30.015625 1673151236.1794
CHLD 223435 31.988281 1673151236.1795
CHLD 223436 30.117188 1673151236.1795
CHLD 223437 30.117188 1673151236.1796
MEM 37.976562 1673151236.2805
CHLD 223434 30.015625 1673151236.2957
CHLD 223435 31.988281 1673151236.2958
CHLD 223436 30.117188 1673151236.2958
CHLD 223437 30.117188 1673151236.2959
MEM 37.976562 1673151236.3968
CHLD 223434 30.015625 1673151236.4123
CHLD 223435 31.988281 1673151236.4124
CHLD 223436 30.117188 1673151236.4124
CHLD 223437 30.117188 1673151236.4125
MEM 37.976562 1673151236.5134
CHLD 223434 30.015625 1673151236.5289
CHLD 223435 31.988281 1673151236.5290
CHLD 223436 30.117188 1673151236.5290
CHLD 223437 30.117188 1673151236.5291
MEM 37.976562 1673151236.6297
CHLD 223434 30.015625 1673151236.6450
CHLD 223435 31.988281 1673151236.6450
CHLD 223436 30.117188 1673151236.6451
CHLD 223437 30.117188 1673151236.6451
MEM 37.976562 1673151236.7458
CHLD 223434 30.015625 1673151236.7605
CHLD 223435 31.988281 1673151236.7606
CHLD 223436 30.117188 1673151236.7606
CHLD 223437 30.117188 1673151236.7607
MEM 37.976562 1673151236.8616
CHLD 223434 30.015625 1673151236.8772
CHLD 223435 31.988281 1673151236.8773
CHLD 223436 30.117188 1673151236.8773
CHLD 223437 30.117188 1673151236.8774
MEM 37.976562 1673151236.9783
CHLD 223434 30.015625 1673151236.9930
CHLD 223435 31.988281 1673151236.9931
CHLD 223436 30.117188 1673151236.9931
CHLD 223437 30.117188 1673151236.9932
MEM 37.976562 1673151237.0938
CHLD 223434 30.015625 1673151237.1080
CHLD 223435 31.988281 1673151237.1081
CHLD 223436 30.117188 1673151237.1081
CHLD 223437 30.117188 1673151237.1081
